1 0.1796875 0.78828125 0.2328125 0.32890625
1 0.31796875 0.63515625 0.08359375 0.2453125
1 0.3765625 0.740625 0.128125 0.2421875
1 0.44453125 0.64609375 0.078125 0.18671875
1 0.5046875 0.72890625 0.115625 0.2625
1 0.6203125 0.778125 0.1140625 0.44375
1 0.7765625 0.765625 0.184375 0.3671875
2 0.878125 0.57890625 0.1140625 0.43515625
2 0.77890625 0.53203125 0.0890625 0.3265625
2 0.703125 0.54609375 0.09453125 0.29609375
2 0.65078125 0.52109375 0.065625 0.33359375
2 0.60078125 0.525 0.06796875 0.246875
2 0.55625 0.53203125 0.06875 0.26875
2 0.4890625 0.49296875 0.0515625 0.30625
2 0.51015625 0.5078125 0.06640625 0.24921875
2 0.44296875 0.54609375 0.06953125 0.3109375
2 0.3859375 0.534375 0.06328125 0.30859375
2 0.34765625 0.51171875 0.03359375 0.27421875
2 0.31484375 0.503125 0.0421875 0.25
2 0.284375 0.50390625 0.0375 0.2625
2 0.2484375 0.53359375 0.0671875 0.29296875
2 0.16171875 0.5671875 0.06796875 0.3640625
2 0.184375 0.5609375 0.059375 0.3296875