2 0.44296875 0.6390625 0.05234375 0.275
2 0.4984375 0.60234375 0.059375 0.25625
2 0.54765625 0.6046875 0.05625 0.278125
2 0.6046875 0.60703125 0.03515625 0.28984375
1 0.58359375 0.69375 0.1234375 0.3375
1 0.36640625 0.71171875 0.05703125 0.18984375
1 0.31640625 0.6890625 0.07265625 0.21328125
1 0.26953125 0.72890625 0.07734375 0.178125
1 0.17734375 0.73828125 0.1015625 0.203125
1 0.70859375 0.7671875 0.13984375 0.2421875
2 0.93359375 0.66875 0.1234375 0.4078125
2 0.84296875 0.6296875 0.07421875 0.36796875
2 0.77890625 0.60859375 0.04296875 0.34375
2 0.746875 0.6 0.0390625 0.30234375
2 0.7109375 0.59765625 0.0515625 0.325
2 0.67421875 0.6 0.04296875 0.29296875
2 0.64453125 0.603125 0.0515625 0.31484375
2 0.590625 0.6015625 0.034375 0.28984375
2 0.42421875 0.63671875 0.05390625 0.2640625
2 0.39296875 0.63046875 0.053125 0.2703125
2 0.35390625 0.628125 0.04453125 0.2890625
2 0.2859375 0.5984375 0.05546875 0.23671875
2 0.1234375 0.640625 0.0890625 0.34453125
2 0.2125 0.64296875 0.06953125 0.2890625